<?xml version="1.0"?>
<opencv_storage>
<get_caloutput_20160413-2__intrinsic type_id="opencv-matrix">
  <rows>3</rows>
  <cols>3</cols>
  <dt>f</dt>
  <data>
    5.15122864e+02 0. 3.15240204e+02 0. 5.15122864e+02 9.45336151e+01 0.
    0. 1.</data></get_caloutput_20160413-2__intrinsic>
</opencv_storage>
