<?xml version="1.0"?>
<opencv_storage>
<get_caloutput_20160413-2__distortion type_id="opencv-matrix">
  <rows>5</rows>
  <cols>1</cols>
  <dt>f</dt>
  <data>
    -4.70607936e-01 1.95422815e-03 9.88940746e-02 -2.04876415e-03
    7.15996176e-02</data></get_caloutput_20160413-2__distortion>
</opencv_storage>
