<?xml version="1.0"?>
<opencv_storage>
<data_mobius_20160412__intrinsic type_id="opencv-matrix">
  <rows>3</rows>
  <cols>3</cols>
  <dt>f</dt>
  <data>
    4.49851654e+02 0. 3.08178680e+02 0. 4.49851654e+02 1.91561005e+02 0.
    0. 1.</data></data_mobius_20160412__intrinsic>
</opencv_storage>
