<?xml version="1.0"?>
<opencv_storage>
<__distortion type_id="opencv-matrix">
  <rows>5</rows>
  <cols>1</cols>
  <dt>f</dt>
  <data>
    -6.81289077e-01 1.88971564e-01 1.34329081e-01 5.38174622e-03
    -4.22554314e-02</data></__distortion>
</opencv_storage>
